[[[[-2.67727114e-03 -6.76839380e-03 -8.09618086e-03]
   [-6.41793478e-04 -3.35545465e-03 -3.52656655e-03]
   [-3.46939429e-03 -4.87147411e-03 -2.71038734e-03]]

  [[-5.27173374e-03 -8.40932224e-03 -4.87906067e-03]
   [ 5.11702499e-04 -4.46658768e-03 -3.07553192e-03]
   [ 1.03650021e-03 -7.93418207e-04 -4.57252050e-03]]

  [[-3.73217219e-04 -2.88023963e-03  3.58865538e-04]
   [ 1.98464119e-03 -3.38277989e-03 -3.65495589e-03]
   [ 5.43250842e-03 -2.23682332e-03 -1.40937907e-03]]

  ...

  [[ 1.48719293e-03 -1.15851208e-03 -2.53316248e-03]
   [ 1.13593502e-04  2.17342004e-03  4.91379714e-03]
   [-2.61968910e-03  1.29961502e-03  5.86712267e-03]]

  [[-2.63072201e-03 -1.40896940e-03  1.99064903e-04]
   [-3.34528694e-03 -2.47500977e-03 -1.02238369e-03]
   [-6.33115415e-04  4.82096430e-03 -2.37190560e-03]]

  [[-8.46387702e-04  1.43956777e-03 -1.55315595e-03]
   [-2.98800273e-03  7.39563184e-05 -1.13947585e-03]
   [-2.42409809e-03  1.02096295e-03  2.99710967e-03]]]


 [[[-4.85407421e-03 -4.56551928e-03 -5.41803613e-03]
   [-9.02924035e-03 -8.08281638e-03 -1.01148840e-02]
   [ 7.77435198e-04 -1.12319400e-03 -3.24857375e-03]]

  [[-1.05543085e-03 -4.41386877e-03 -4.52126795e-03]
   [-7.12370407e-03 -2.78610340e-03  2.30467893e-04]
   [-5.44728292e-03  4.82065079e-04  1.15529948e-03]]

  [[-7.43121200e-04 -3.37321730e-03 -2.67818780e-03]
   [ 3.01208184e-03  8.94450210e-03  6.27045752e-03]
   [-3.33945703e-04  6.23265700e-03 -3.01503972e-03]]

  ...

  [[ 3.11602023e-03 -9.08713322e-04  3.86499101e-03]
   [-3.81854596e-03 -7.43943453e-03 -4.84423386e-03]
   [ 3.90534464e-04 -6.04784535e-03 -1.44296756e-03]]

  [[-7.60349911e-04 -2.52935430e-03 -6.39736978e-03]
   [ 7.79134803e-04  1.61037093e-03  5.22585877e-04]
   [-1.34678755e-03  1.78184255e-03  1.35483139e-03]]

  [[-1.11524137e-02 -1.24295605e-02 -1.04059624e-02]
   [-7.52674509e-03 -6.04647165e-03 -9.80410818e-03]
   [-1.53532217e-03 -3.72571335e-03 -4.48150793e-03]]]


 [[[ 3.41457454e-03  8.88775848e-03  5.09481272e-03]
   [ 1.76068817e-04  2.79128947e-03  1.33355218e-03]
   [ 9.61698650e-04  1.42578105e-03 -1.41603732e-03]]

  [[ 3.02351546e-03 -8.41452857e-04 -6.70569425e-04]
   [-5.31458901e-03 -4.59009642e-03 -2.03175540e-03]
   [-7.74783874e-03 -6.68546697e-03 -3.63719009e-04]]

  [[ 5.77733526e-03  6.82809670e-03  3.33500351e-03]
   [-3.36828758e-03  1.15303509e-03 -4.09748871e-03]
   [-7.80576980e-03 -5.98703627e-04 -6.46778336e-03]]

  ...

  [[ 6.23186585e-03  3.70768621e-03  8.60990956e-03]
   [ 5.10850735e-03  5.98914921e-03  9.12467111e-03]
   [ 1.13251805e-02  1.62147656e-02  1.22718029e-02]]

  [[ 9.19399597e-03  1.07343001e-02  1.05141560e-02]
   [ 1.79252366e-03  2.87291390e-04  3.48232291e-03]
   [-7.12811132e-04 -4.70852247e-03  1.10618118e-03]]

  [[ 3.41735012e-03 -2.56712409e-03 -5.70114062e-04]
   [ 2.90344167e-03  1.64460798e-03  4.99088457e-03]
   [ 4.26388200e-04  3.07740550e-03  3.61553021e-03]]]


 ...


 [[[ 8.85430898e-04 -2.75513367e-03  1.07004191e-03]
   [-5.16031985e-04 -5.38913626e-03 -1.93119724e-03]
   [-2.96618720e-03  3.80815007e-03 -3.28850350e-04]]

  [[-2.36307574e-03 -5.08281169e-03 -1.96938333e-03]
   [-4.41462686e-03 -4.02570888e-03 -7.14120036e-03]
   [ 4.93893214e-03  6.62421621e-03  6.10956689e-03]]

  [[-4.63860482e-03  7.51621556e-04 -1.67230261e-03]
   [-7.04299193e-03  5.73322503e-03  1.38437469e-03]
   [-2.58946931e-03  9.10016242e-04 -4.04604664e-03]]

  ...

  [[-1.19793403e-03 -3.63014662e-03  2.00998038e-04]
   [ 1.33135007e-03  1.01768051e-03 -2.53928476e-04]
   [-4.46131406e-03 -4.15461650e-03 -6.51461491e-03]]

  [[-6.51302253e-05 -1.00984657e-02 -3.28219263e-03]
   [-2.17979285e-03 -6.04000315e-03 -5.67423645e-03]
   [-1.87489786e-03 -4.01388854e-04 -4.03089076e-03]]

  [[-3.10439314e-03 -4.39342065e-03  2.75647338e-03]
   [-6.87327236e-03  1.18347548e-03  2.15656217e-03]
   [-6.77734206e-04  2.96451361e-03  5.02949720e-03]]]


 [[[ 2.30584713e-03  7.04701571e-03  8.38728808e-03]
   [-4.48632240e-03 -2.31184741e-03 -6.72378484e-03]
   [-1.01237418e-02 -9.73759592e-03 -1.06353145e-02]]

  [[ 3.14941769e-03 -1.80552225e-03 -2.89641554e-03]
   [-5.18689770e-03 -3.59472306e-03 -5.74417040e-03]
   [-8.17880221e-03 -3.74558568e-03 -5.80671243e-03]]

  [[-6.40295818e-03 -6.88071083e-03 -6.71010790e-03]
   [-1.15320496e-02 -4.20496892e-03 -6.19388744e-03]
   [-2.96838209e-03  6.50548827e-05  2.01652641e-03]]

  ...

  [[-7.91153521e-04 -3.71135218e-04 -7.66663626e-03]
   [-3.76550655e-04 -6.42873580e-04 -6.68590656e-03]
   [ 1.38837309e-03 -4.15964401e-04 -4.81174886e-03]]

  [[-4.24718205e-03 -4.26469184e-03 -3.25075188e-03]
   [-4.61661303e-03 -7.98718818e-03 -2.88971327e-03]
   [-2.91639753e-03  1.82960473e-04  3.69182904e-03]]

  [[-5.79826487e-03 -6.97194599e-03 -1.80727965e-03]
   [-2.77158455e-03 -4.20488976e-03  1.75486039e-03]
   [ 1.51982845e-03  4.43040812e-03  6.34703832e-03]]]


 [[[-5.45858580e-04 -1.72558636e-03 -2.22268840e-03]
   [-3.38112144e-03 -6.99980126e-04 -9.93784750e-04]
   [-6.39426144e-05  1.15067500e-03  1.92861166e-03]]

  [[ 4.81697079e-03  4.54571471e-03  6.25768909e-03]
   [ 5.50952507e-03  1.83949340e-03  4.33735736e-03]
   [ 6.15022704e-03  6.69560861e-03  5.25479810e-03]]

  [[-1.95235305e-03 -1.37909804e-03 -1.50227104e-03]
   [ 7.71683874e-03  1.03284009e-02  8.14216956e-03]
   [ 3.41334171e-03  1.20520480e-02  1.27640748e-02]]

  ...

  [[-2.76589184e-04 -1.04546919e-03 -2.40518409e-03]
   [ 2.22978671e-03  5.55350073e-03  7.08930427e-04]
   [-2.10986100e-03 -3.79868201e-04  1.64775131e-03]]

  [[ 2.49887002e-03  4.51464075e-05 -3.50956153e-03]
   [-4.95051453e-03 -6.30552415e-03 -3.01703787e-03]
   [-1.84368808e-03 -2.02989718e-03  1.64142984e-03]]

  [[-6.16190198e-04  2.95966805e-04 -3.29622329e-04]
   [-5.67226019e-03 -3.58710205e-03 -3.03722336e-03]
   [ 4.60362993e-04 -2.77914642e-03 -4.10989439e-03]]]]
